[0.26787228182160316, 3.733122341735892]
[0.24985073815401648, 4.002389616249867]
[0.1198479361276544, 8.343906723056653]
[0.16456974211140096, 6.076451157850618]
[0.23035046199799764, 4.5027654038278575]
[0.1888342576071521, 5.295649278217222]
[0.2602065252030846, 3.843101164429006]
[0.20804943811545348, 4.806549871310237]
[0.16769668514076996, 5.963147090001022]
[0.15321389076678882, 6.526823351298664]
[0.1335393084991417, 7.488431767687545]
[0.312168094495596, 3.203402325967389]
[0.1472846994894373, 6.789571513310629]
[0.1441736321373528, 6.9360810654149985]
[0.38637551372316553, 2.588155730584135]
[0.3395875183724778, 2.944748984864474]
[0.3438342693233883, 2.908377928610323]
[0.32384871015587513, 3.08786161142553]
[0.14565855233986236, 6.865370992200436]
[0.44203608362731195, 2.2622587545208566]
[0.4006024397167236, 2.496240414080169]
[0.23543234438343738, 4.247504745445459]
[0.23680953778697442, 4.222802887692661]
[0.49609375056310867, 2.015748029208017]
[0.49185937405011515, 2.033101436627516]
[0.2757929725156296, 3.6259081980173677]
[0.27637037224807653, 3.6183328620420157]
[0.3783728978361489, 2.642895423321364]
[0.9236774766175508, 1.0826289752803515]
[0.3201467294350009, 3.1235677520892153]
[0.40781782078536044, 2.452075287132468]
[0.524024318117275, 1.908308384604783]
[0.3600547178907928, 2.7773556359933806]
[0.5408487236095217, 1.8489458444612568]
[0.8250199239253175, 1.212091939843288]
[0.5405129052094673, 1.8500945867563805]
[0.6369845437870375, 1.5698968048027382]
[0.3648828467708223, 2.7406056734371123]
[0.36673183312141366, 2.7267881042356383]
[0.6461178597449118, 1.547705244357123]
[0.7698899325657106, 1.2988869677350268]
[0.29183569658925873, 3.46048384504663]
[0.7231084057336572, 1.3829185113474263]
[0.6873075385485968, 1.4549527597379814]
[0.6835278650188659, 1.462998147079782]
[0.42048743411830813, 2.3781923521610886]
[0.42534410121890387, 2.3510376590019963]
[0.426620096942097, 2.344005843062112]
[0.881719470396594, 1.1341475759293416]
[0.42810954082825925, 2.335850768626436]
[0.8812938753230031, 1.1346952792943101]
[0.8505868750423933, 1.1756588648868582]
[0.8583584975701362, 1.1650143883130724]
[0.7550154201268341, 1.3244762601431521]
[0.7419863165365571, 1.3477337488753147]
[0.7511482707794224, 1.3312950836755024]
[0.2946724077950755, 3.393599039294618]
[0.6717887459908782, 1.488563191878148]
[0.29453481865036485, 3.39518432687266]
[0.2938020682091205, 3.4036520099927494]
[0.29337463469517117, 3.4086109763342116]
[0.6619466911770181, 1.5106956698006662]
[1.0, 1.0]
[1.0, 1.0]
[1.0, 1.0]
[1.0, 1.0]
[1.0, 1.0]
[1.0, 1.0]
[1.0, 1.0]
[1.0, 1.0]
[0.1, 10.0]
[0.1, 10.0]
[0.1, 10.0]
[0.1, 10.0]
[0.1, 10.0]
[0.1, 10.0]
[0.1, 10.0]
[0.1, 10.0]
[0.1, 10.0]
[0.1, 10.0]
[0.1, 10.0]
[0.1, 10.0]
[0.1, 10.0]
[0.1, 10.0]
[0.1, 10.0]
[0.1, 10.0]
[0.1, 10.0]
[0.1, 10.0]
[0.1, 10.0]
[0.1, 10.0]
[0.1, 10.0]
[0.1, 10.0]
[0.1, 10.0]
[0.1, 10.0]
[0.1, 10.0]
[0.1, 10.0]
[0.1, 10.0]
[0.1, 10.0]
[1.0, 1.0016986076836367]
[0.3508985205168349, 3.4268658057609978]
[0.1, 10.085472509733485]
[0.8278468357208795, 1.2588368566686363]
[0.399753620854773, 2.736075425966864]
[0.1906627693558432, 5.6769875302724335]
[0.31607216819225087, 4.391063082039624]
[0.16657866004623295, 6.366854862430078]
[0.8165322373134202, 1.482369296726648]
[0.23743490501751643, 4.665900375090168]
[0.9167636533271989, 1.199957314313262]
[0.6292426030902998, 1.8851134456671468]
[0.5337526416942893, 1.9112834279221955]
[0.8052314202026485, 1.7363971981752808]
[0.7300708290314423, 1.775960123544991]
[0.37143785774095084, 3.2738327841829085]
[0.37583808414277864, 3.225655921595653]
[0.5031464983501899, 2.595992805782665]
[0.47364975444612734, 2.6163161329330595]
[0.269750119381161, 6.007151322363058]
[0.5395949440317693, 1.9725700754781352]
[0.2835262195627871, 5.830952133078824]
[0.500721435734365, 2.677907477499678]
[0.3821013442044403, 3.471408825983588]
[0.8167777294384327, 1.5156372345121665]
[0.1, 10.145225095737121]
[0.2658312549270134, 7.123211795336339]
[1.0, 1.0295016656236156]
[0.8315074407266074, 1.3519107129669274]
[0.8394861870101529, 1.2674535386545163]
[0.4594942706144368, 3.117318294528838]
[0.4727679927757886, 3.043833341115053]
[0.21283135133215525, 8.365537606690266]
[0.16999405288667907, 8.404110991571253]
[0.3948857923119307, 3.7369892963299978]
[0.2791088487508539, 7.0540878698353575]
[1.0, 1.0800533326976152]
[0.3857484493862856, 4.017806160802043]
[0.5576627067426436, 2.57032239130388]
[0.8603542294237033, 1.4232354207610303]
[0.5782758845303195, 1.9899264204370415]
[0.6210202227249306, 1.9840748676735998]
[0.5118945359935092, 2.9302887390893226]
[0.5280610091214027, 2.8951985203571184]
[0.11875449950538355, 10.415404126606518]
[0.1, 10.429593915730168]
[0.1, 10.493073997587885]
[1.0, 1.1788061540357884]
[0.5284895896583713, 4.7261265200226585]
[0.9387536793896853, 1.9858692855551983]
[0.6215688726943932, 2.410638586386341]
[0.9489299680129986, 1.5901519716195955]
[0.978698256941802, 1.53452003680685]
[0.6535854187555799, 2.00354765140899]
[0.6653613189004919, 1.9941295587064796]
[1.0, 1.2566507970115297]
[0.1, 10.664536838367699]
[0.8218939774198153, 2.103548384447045]
[0.6613627505729984, 2.1979080806875433]
[0.6825694788499863, 2.2502819953278275]
[1.0, 1.2798345474644506]
[0.1, 10.718447145652336]
[0.684553036481124, 2.576259079661914]
[1.0, 1.2997326582391115]
[0.1, 10.762878103026173]
[0.14771867799586716, 10.753433619375759]
[0.1, 10.996378755975506]
[1.0, 1.3251358745264241]
[1.0, 1.4561366336588917]
[0.1, 11.172037863945299]
[1.0, 1.620382365651575]
[0.1, 11.200298448302451]
[0.1, 11.319993600941206]
[0.1, 11.756128958541982]
[0.1, 11.909768859823325]
[0.1, 12.192621773876466]
[0.1, 12.47835801482348]
[0.1, 12.83554418094825]
[0.1, 13.103362994990068]
[0.1, 13.710040185040869]
[0.1, 13.711931993679675]
[0.1, 13.989308694948445]
[0.1, 14.028339446752108]
[0.1, 14.253516107420973]
[0.12985814631888273, 14.032049768331504]
[0.11197794022859048, 14.08462685284347]
[0.1, 14.502487280437686]
[0.1, 14.602918311750859]
[0.1, 14.717270098763032]
[0.1, 15.005760876319053]
[0.1, 15.185857065512748]
[0.1, 15.328425930545677]
[0.1, 15.384463984452667]
[0.1, 15.754839111858582]
[0.1, 15.882686757116051]
[0.1, 16.393824702516063]
[0.1, 16.47887694894821]
[0.1, 16.55340536309246]
[0.1, 16.580171984197502]
[0.1, 17.896088000230606]
[0.1, 18.779658946517657]
[0.1, 19.17927142445724]
